# Complete exception sets: all n >= 2 such that m/n is NOT a sum of three unit fractions.
# Exhaustive for 2 <= n <= 10^9 (m=6..19), 10^11 (m=5), 10^9 in this project; literature: 10^17 Salez 2014, 10^18 per arXiv:2509.00128 (m=4).
# Method: complete divisor-pair criterion; every entry re-verified by an independent algorithm.
m=4: (none)
m=5: (none)
m=6: (none)
m=7: 2
m=8: 2 3 11 17 131 241
m=9: 2 5 11 19
m=10: 2 3 7 11 43 61 67 181
m=11: 2 3 4 37
m=12: 2 3 5 7 13 25 29 31 37 73 97 193 433 577 1129 1657 1873 2521 2593 3433 10369 12049 12241
m=13: 2 3 4 5 7 14 53 61 67 79 211 281
m=14: 2 3 4 5 17 19 29 59 257 353 841
m=15: 2 3 4 8 16 17 19 23 31 34 47 53 61 79 113 122 137 151 197 226 233 271 541 1103 1171 1367 4201 6301 12601 16831 20521
m=16: 2 3 4 5 6 7 9 11 13 17 22 23 33 34 37 73 97 113 121 131 167 193 241 257 262 421 482 577 593 641 769 1201 1489 2113 2521 2689 3169 3361 4801 4993 5281 8161 8641 33601 36529 78721 83449
m=17: 2 3 4 5 6 7 9 13 19 23 41 43 53 71 73 157 281 421 1123 2081
m=18: 2 3 4 5 7 10 11 13 19 22 23 29 31 37 38 41 47 59 61 73 109 113 131 137 149 181 193 223 239 281 379 389 397 433 457 541 599 613 661 761 811 821 911 1009 1297 1381 2269 2819 9461 16561 17389 28081 35281
m=19: 2 3 4 5 6 7 8 10 11 13 23 26 29 41 43 46 82 97 137 181 193 229 353
